OTUcluster	Others	RiPPs	Terpene	PKS	NRPS
GC_0	0.3571428571428571	1.5714285714285714	1.2142857142857142	0.8571428571428571	1.3571428571428572
GC_1	0.16666666666666666	2.833333333333333	0.8333333333333334	0.0	0.16666666666666666
GC_10	3.875	0.5	1.0	0.0	1.0
GC_100	2.0	4.333333333333333	0.0	0.3333333333333333	2.0
GC_101	2.8625	1.4194444444444445	0.04166666666666666	0.0	0.12499999999999999
GC_102	1.125	0.0	0.0	0.0	1.0
GC_103	3.4625000000000004	0.1	1.1875	0.0	0.0
GC_104	1.0	1.25	0.0	0.0	0.0
GC_105	1.7083333333333333	0.16666666666666666	1.5833333333333333	0.16666666666666666	1.0833333333333333
GC_106	2.7222222222222223	0.0	1.0	0.7222222222222222	0.0
GC_107	3.0	0.25	0.0	1.0	0.0
GC_108	1.5555555555555556	0.0	1.3888888888888888	1.1666666666666667	0.0
GC_109	2.083333333333333	1.25	1.5	0.6666666666666666	1.25
GC_11	0.0	1.1607142857142856	0.0	1.0	0.10714285714285714
GC_110	1.2857142857142858	0.25	1.4642857142857144	0.8571428571428572	1.4285714285714284
GC_111	1.54	1.4866666666666668	0.08	0.02	0.04
GC_112	3.0	1.0	0.0	0.0	1.0
GC_113	3.8	0.9666666666666668	0.9	0.0	0.7333333333333333
GC_114	2.9250000000000003	2.9250000000000003	0.6	0.47500000000000003	0.2
GC_115	0.5428571428571429	1.3142857142857143	1.0714285714285714	1.1142857142857143	0.9285714285714286
GC_116	0.3333333333333333	1.0	1.3333333333333333	1.3333333333333333	0.0
GC_117	0.17248310923807608	2.2999727645423014	0.4852649006622517	0.11799116997792497	0.052538631346578366
GC_118	2.4999999999999996	0.0	0.0	0.9166666666666666	0.41666666666666663
GC_119	2.5943840579710145	0.07753623188405798	1.0239130434782608	0.4719202898550725	0.08695652173913043
GC_12	1.5339262187088274	0.02371541501976284	0.2272727272727273	0.9008563899868248	0.09090909090909093
GC_120	2.6666666666666665	1.0	0.0	0.3333333333333333	0.0
GC_121	1.5	2.25	0.0	0.0	1.0
GC_122	2.833333333333333	1.3333333333333333	1.3333333333333333	1.0	2.1666666666666665
GC_123	0.0	2.4444444444444446	0.1111111111111111	0.0	0.0
GC_124	1.0	1.5	1.0	0.0	0.5
GC_125	0.5227272727272728	1.3636363636363638	0.2727272727272727	2.6515151515151514	5.734848484848484
GC_126	3.142857142857143	2.571428571428571	1.0	0.35714285714285715	0.0
GC_127	0.10879629629629628	0.0946969696969697	1.1442550505050506	0.02083333333333333	1.4733796296296298
GC_128	2.374404761904762	1.0066666666666668	0.1	0.0	0.043333333333333335
GC_129	2.5	0.0	0.0	0.0	0.0
GC_13	2.0	0.6666666666666666	1.0	0.6666666666666666	2.333333333333333
GC_130	0.0	1.2	1.0	0.0	0.0
GC_131	0.018181818181818184	3.6	1.4	0.6000000000000001	1.381818181818182
GC_132	2.0	0.0	0.0	0.0	0.0
GC_133	2.0	0.0	0.0	0.0	0.25
GC_134	1.5	1.5	1.5	1.0	1.0
GC_135	3.5	2.0	2.0	3.75	3.666666666666667
GC_136	1.0	3.0	0.0	0.0	0.0
GC_137	3.0	2.0	0.0	0.0	1.5
GC_138	4.5	1.0	0.0	0.0	0.5
GC_139	3.0	1.0	0.0	1.0	0.0
GC_14	2.2083333333333335	1.7083333333333333	0.875	0.125	0.0
GC_140	1.5	1.0	0.0	1.0	0.0
GC_141	2.0	0.3333333333333333	0.0	0.0	0.0
GC_142	1.75	1.6666666666666667	0.0	1.0	3.833333333333333
GC_143	5.642857142857142	1.5	0.21428571428571427	0.8571428571428571	1.7142857142857144
GC_144	1.5	1.75	0.25	0.0	1.5
GC_145	2.5	1.2	0.0	0.0	0.0
GC_146	1.6666666666666667	0.6	1.8333333333333333	0.16666666666666666	0.16666666666666666
GC_147	2.4	0.4	0.4	1.2	1.4
GC_148	0.7058823529411765	1.411764705882353	1.6470588235294117	0.0	1.2647058823529411
GC_149	0.0	4.666666666666666	1.3333333333333333	1.3333333333333333	0.0
GC_15	1.5	1.25	0.5	0.75	3.25
GC_150	2.2777777777777777	0.6666666666666666	0.9444444444444444	0.5	2.722222222222222
GC_151	1.1	0.2	0.2	2.0	1.8
GC_152	3.5	1.0	0.3333333333333333	0.0	0.0
GC_153	3.3282312925170072	0.14285714285714285	0.015873015873015872	0.015873015873015872	0.5510204081632654
GC_154	1.556998556998557	0.0	0.0	1.5349927849927851	0.8362193362193362
GC_155	4.0	4.0	0.75	1.0	1.75
GC_156	0.3333333333333333	0.1111111111111111	1.2962962962962965	1.2962962962962963	1.5925925925925923
GC_157	1.486887254901961	1.0858455882352942	0.0018382352941176477	0.15808823529411764	1.3600490196078432
GC_158	3.0	0.5	1.0	1.0	0.0
GC_159	1.2252100840336135	0.08823529411764706	1.1352941176470588	1.1149159663865547	0.029411764705882356
GC_16	4.0	1.0	2.6666666666666665	0.0	0.0
GC_160	3.166666666666667	1.0833333333333333	0.8333333333333333	0.0	0.0
GC_161	1.5833333333333333	1.9166666666666665	1.3333333333333333	0.6666666666666666	0.16666666666666666
GC_162	1.9196428571428572	0.9553571428571428	0.25	0.0	0.0
GC_163	5.0	1.0	1.0	0.0	3.0
GC_164	1.0	0.0	0.0	0.0	0.0
GC_165	2.5	0.0	0.0	1.0	0.0
GC_166	2.5	1.5	0.0	0.0	1.0
GC_167	1.1666666666666667	0.0	0.0	1.0	0.3333333333333333
GC_168	0.6515151515151515	2.590909090909091	1.3636363636363635	0.3636363636363636	0.0303030303030303
GC_169	4.0	1.0	1.0	0.0	0.0
GC_17	1.45	0.4	0.9	1.8	0.0
GC_170	0.06548050192995832	0.02132747152668983	1.4231116902790104	0.18182685432049833	0.055197354115883314
GC_171	2.333333333333333	0.0	1.0	0.3333333333333333	0.0
GC_172	1.75	5.5	0.75	5.0	6.25
GC_173	2.5	0.3333333333333333	0.0	0.0	0.0
GC_174	0.0	0.01515151515151515	0.0	1.0	1.0909090909090908
GC_175	5.5	0.0	1.0	0.0	1.0
GC_176	0.9999999999999999	2.272727272727273	1.9090909090909087	0.36363636363636365	0.45454545454545464
GC_177	2.0	0.0	0.0	0.0	2.0
GC_178	3.125	2.0	1.0	0.75	0.0
GC_179	0.0	1.5	0.5	0.0	1.0
GC_18	2.125	0.4166666666666667	1.0416666666666667	0.0	0.125
GC_180	2.0	0.0	0.0	0.0	0.0
GC_181	2.0625	2.125	1.8125	0.875	0.875
GC_182	4.125	1.25	0.5	0.0	4.0
GC_183	1.3333333333333333	2.0	0.3333333333333333	7.666666666666666	2.333333333333333
GC_184	2.0	0.5	1.5	0.0	1.5
GC_185	3.5	3.0	1.5	0.0	3.0
GC_186	1.5	0.0	1.0	0.0	1.0
GC_187	0.0	1.5	1.0	1.0	0.0
GC_188	1.7256613756613755	1.4507936507936507	0.1111111111111111	0.031746031746031744	0.0
GC_189	2.6	2.6	0.0	0.4333333333333333	0.2
GC_19	2.828863826232247	0.7807017543859649	0.4409356725146199	0.09649122807017545	0.19131161236424393
GC_190	1.375	0.375	1.6428571428571428	0.9642857142857144	0.0
GC_191	2.0	0.0	0.0	1.0	0.0
GC_192	0.41666666666666663	3.1666666666666665	0.4166666666666667	0.0	0.8333333333333334
GC_193	1.0	0.0	1.6666666666666663	1.7083333333333337	0.0
GC_194	1.0833333333333333	0.0	0.0	0.08333333333333333	0.0
GC_195	0.0	1.0	0.0	0.0	0.0
GC_196	3.0	1.0	0.0	1.0	0.0
GC_197	1.5	1.5	1.0	0.0	0.0
GC_198	2.5	0.0	1.8333333333333333	1.75	0.0
GC_199	2.9782608695652177	0.13043478260869565	0.0	0.0	0.0
GC_2	2.5	0.5	0.5	1.0	1.0
GC_20	4.5	2.0	0.0	1.0	3.0
GC_200	0.5	2.0	1.25	2.0	3.25
GC_201	0.2222222222222222	0.0	0.0	1.7777777777777777	0.4444444444444444
GC_202	1.4	1.0	1.0	0.0	1.0
GC_203	0.29475308641975306	0.17592592592592593	2.140432098765432	1.7314814814814816	1.070216049382716
GC_204	1.7000000000000002	0.2	0.0	0.2	0.0
GC_205	3.5	1.0	2.5	1.5	0.5
GC_206	0.3968253968253968	0.0	1.1428571428571432	1.277777777777778	1.6031746031746037
GC_207	1.2307692307692304	0.0	1.1923076923076923	0.038461538461538464	0.15384615384615385
GC_208	1.2040935672514619	0.2216374269005848	1.4546783625730997	0.05263157894736842	0.0
GC_209	2.6875	1.5625	1.3125	2.09375	0.9375
GC_21	0.4	1.1	1.45	1.0	0.1
GC_210	1.9166666666666665	0.6666666666666666	1.1666666666666667	0.16666666666666666	1.0
GC_211	1.8541666666666665	3.0416666666666665	0.9791666666666666	1.0833333333333333	1.1458333333333333
GC_212	2.5	0.0	0.0	0.0	0.0
GC_213	2.0	0.0	0.0	1.0	0.0
GC_214	0.07142857142857142	2.678571428571429	0.0	0.0	0.4642857142857143
GC_215	1.0	2.5	1.0	0.0	1.5
GC_216	1.1245791245791246	0.05555555555555555	1.6285992104957618	0.05555555555555555	0.11127075351213282
GC_217	2.0	5.5	0.0	1.5	0.5
GC_218	1.0833333333333333	1.25	1.5	1.0	2.0
GC_219	0.8071428571428572	2.0375	1.5285714285714287	0.0	0.008928571428571428
GC_22	1.334368530020704	1.2763975155279508	1.3985507246376812	0.012422360248447204	0.2391304347826087
GC_220	0.5	2.25	0.0	0.0	0.0
GC_221	2.0	4.0	0.0	0.0	0.0
GC_222	2.75	2.0	2.0	0.0	1.5
GC_223	1.5	1.0	1.0	1.0	0.5
GC_224	0.8	1.35	1.8	2.15	0.05
GC_225	2.0144927536231885	0.07608695652173914	0.32608695652173914	0.043478260869565216	0.0
GC_226	4.8076923076923075	0.0	1.5274725274725276	0.4615384615384616	0.6923076923076923
GC_227	2.0	2.0	1.0	0.0	2.5
GC_228	2.0	3.0	2.0	1.0	1.0
GC_229	2.984	0.0	0.0	0.0	0.0
GC_23	1.2517857142857143	0.0625	0.125	0.25	1.0625
GC_230	0.4696969696969697	0.4545454545454546	0.2727272727272727	3.3636363636363638	3.757575757575758
GC_231	2.0	5.0	2.0	2.0	3.0
GC_232	1.1452595024023595	1.9422541743970316	0.0	0.0037105751391465673	0.9466406609263752
GC_233	0.14733178806212513	1.2544402811607864	1.824223926822241	0.23113344988344986	0.03365384615384616
GC_234	1.5	1.5	1.5	2.0	0.5
GC_235	1.5	0.0	0.0	1.0	0.25
GC_236	1.2214285714285715	1.1214285714285714	1.0142857142857142	0.9714285714285714	0.0
GC_237	3.225	0.875	1.125	1.0	2.125
GC_238	1.0708333333333333	0.25	2.7125	1.9458333333333333	0.9625
GC_239	0.0	2.0	0.0	0.0	1.0
GC_24	1.333333333333333	0.34074074074074073	1.91358024691358	0.0	0.0925925925925926
GC_240	0.5902777777777778	0.7604166666666667	1.6875	1.7013888888888888	3.1631944444444446
GC_241	1.5	0.0	1.0	1.0	0.0
GC_242	0.3333333333333333	4.09375	2.3125	1.5625	1.5104166666666665
GC_243	1.0	6.0	0.0	3.0	7.0
GC_244	2.333333333333333	1.8333333333333333	0.0	2.6666666666666665	0.0
GC_245	0.9333333333333332	1.4666666666666666	0.0	0.0	0.0
GC_246	2.0740740740740744	1.0	0.0	0.0	0.9629629629629628
GC_247	1.75	0.0	0.0	0.0	0.0
GC_248	0.04733333333333333	0.03	0.12	1.146	0.0
GC_249	4.0	1.0	0.0	1.0	2.0
GC_25	1.7428571428571429	0.7000000000000001	2.271428571428572	0.4	2.1428571428571432
GC_250	3.0	0.5	1.0	0.0	0.0
GC_251	2.5	0.5	0.5	2.5	1.0
GC_252	1.0	0.0	0.0	0.0	1.0
GC_253	3.0	1.0	1.0	0.0	1.0
GC_254	1.2	0.0	2.1333333333333333	0.6000000000000001	1.0666666666666669
GC_255	1.0	1.0	0.0	0.0	2.0
GC_256	0.125	0.125	1.125	1.125	0.0
GC_257	2.6	0.0	0.9	0.3	0.0
GC_258	2.333333333333334	1.1666666666666667	1.1666666666666663	1.3333333333333337	0.16666666666666666
GC_259	3.0	1.0	0.0	1.0	0.0
GC_26	2.0755555555555554	0.7533333333333334	1.5444444444444445	0.0	0.08000000000000002
GC_260	2.0	1.0	0.0	0.0	1.0
GC_261	1.7777777777777777	0.8888888888888888	0.0	1.4444444444444444	1.0
GC_262	2.0	0.0	0.0	0.0	0.0
GC_263	2.0	0.0	0.0	0.0	1.0
GC_264	1.0	0.0	0.0	0.0	0.0
GC_265	1.0	1.0	0.0	0.0	1.0
GC_266	2.0	0.0	0.0	0.0	0.0
GC_267	2.5	1.0	1.0	1.0	0.0
GC_268	3.625	0.25	2.0	1.125	1.25
GC_269	2.7	2.0	1.8	0.5	0.7
GC_27	5.9	0.6	0.0	0.95	0.2
GC_270	2.0	1.3333333333333333	1.0	0.0	0.0
GC_271	0.75	1.0	0.0	0.0	0.0
GC_272	1.0	0.0	0.0	0.0	1.5
GC_273	1.0	0.0	1.0	1.0	0.0
GC_274	1.5	1.0	1.0	0.0	0.0
GC_275	0.0	1.0	0.0	0.0	1.0
GC_276	2.7767857142857144	0.0	0.0	0.0	0.125
GC_277	3.333333333333333	0.0	0.3333333333333333	0.0	0.0
GC_278	2.0	2.0	1.0	1.0	1.0
GC_279	2.5	1.0	0.0	0.5	0.5
GC_28	3.0000000000000004	1.8	0.0	1.6	3.8000000000000003
GC_280	1.5	3.0	1.0	1.0	1.0
GC_281	1.0	2.0	0.0	0.0	0.0
GC_282	2.5	0.0	1.0	0.0	1.5
GC_283	2.0	0.0	0.0	0.0	0.0
GC_284	1.2	0.0	1.4	0.0	0.4
GC_285	1.6666666666666665	1.0	0.0	0.0	0.0
GC_286	0.0	1.0	0.0	0.0	0.0
GC_287	5.541666666666667	0.0	0.9166666666666666	0.3333333333333333	1.125
GC_288	4.202083333333333	1.6479166666666667	0.1	0.008333333333333331	0.1125
GC_289	5.0	0.0	1.0	0.0	1.0
GC_29	1.4000000000000001	1.5999999999999999	1.0	1.2	4.0
GC_290	1.156638418079096	1.4608243451463792	0.968759630200308	0.03333333333333333	1.2731638418079099
GC_291	3.0	2.0	0.0	0.0	1.0
GC_292	1.0	2.0	1.0	1.0	2.0
GC_293	1.1	3.5	0.1	0.9	0.0
GC_294	2.0	1.0	1.0	0.0	1.0
GC_295	1.0	0.0	0.0	0.0	0.0
GC_296	1.5	1.5	0.0	1.25	1.5
GC_297	1.6	0.0	0.8	0.8	0.0
GC_298	0.0	1.008294930875576	0.0	0.0	0.009216589861751152
GC_299	1.9642857142857142	0.0	1.8214285714285716	0.6428571428571428	0.5
GC_3	1.6666666666666665	1.6666666666666665	1.3333333333333333	0.0	0.0
GC_30	1.75	1.25	1.0	1.5	1.0
GC_300	2.0	1.0	1.5	1.0	1.25
GC_301	0.1875	1.0625	1.25	0.0	0.0
GC_302	3.5	0.5	1.0	1.5	0.5
GC_303	2.0	0.0	1.0	0.0	1.0
GC_304	2.625	0.25	0.5	0.0	0.0
GC_305	2.3333333333333335	0.5	0.0	1.3333333333333335	2.166666666666667
GC_306	3.0	0.0	2.0	0.75	1.0
GC_307	4.0	0.0	1.0	2.0	1.0
GC_308	1.5	1.0	0.0	0.0	1.0
GC_309	1.0	1.0	1.0	0.0	0.0
GC_31	1.4999999999999996	0.04166666666666666	1.25	0.04166666666666666	0.125
GC_310	2.0	0.0	0.0	0.0	0.0
GC_311	3.0	1.0	1.0	0.0	0.5
GC_312	3.0	1.0	1.0	0.0	1.0
GC_313	1.0	3.0	1.0	0.0	0.0
GC_314	4.0	1.0	0.0	0.0	0.0
GC_315	1.0	2.0	1.0	1.0	1.0
GC_316	2.5	1.0	1.0	0.0	0.0
GC_317	3.0	1.0	0.0	0.0	1.0
GC_318	1.0	1.5	0.0	1.0	0.0
GC_319	2.0	0.0	0.0	1.0	1.0
GC_32	1.230509903076275	0.002949852507374631	0.0	0.011061946902654867	0.0
GC_320	3.0	6.0	2.0	2.0	4.0
GC_321	2.5	0.0	0.5	0.0	1.6666666666666667
GC_322	2.0	3.0	0.0	0.0	0.0
GC_323	1.0	0.25	0.0	0.0	0.0
GC_324	1.0	0.0	1.0	0.0	1.6666666666666665
GC_325	3.0	1.0	0.0	0.0	0.0
GC_326	1.0	1.0	0.0	1.0	2.0
GC_327	2.0	1.0	0.0	0.0	0.0
GC_328	0.0	0.0	0.0	1.0	1.0
GC_329	2.0	0.0	1.0	1.0	0.0
GC_33	2.75	0.0	1.25	0.0	1.0
GC_330	3.0	1.0	1.0	0.0	1.0
GC_331	3.0	7.0	2.0	4.0	3.0
GC_332	3.0	1.0	1.0	1.0	1.0
GC_333	4.0	0.0	1.0	2.0	1.0
GC_334	3.5	2.0	2.0	0.0	0.0
GC_335	1.5	2.0	1.0	0.5	0.0
GC_336	1.6373626373626373	0.3571428571428571	0.0	0.0	0.0
GC_337	1.0	2.0	0.0	0.0	0.0
GC_338	1.625	0.0	1.0	0.0	1.5
GC_339	1.0	1.0	0.0	1.0	0.0
GC_34	1.875	0.0	0.0	0.0	0.5
GC_340	2.0	3.0	0.0	0.0	0.0
GC_341	2.0	2.0	1.0	1.0	0.0
GC_342	2.0	1.0	0.0	0.0	0.0
GC_343	1.0	0.0	0.0	1.0	0.5
GC_344	0.8666666666666667	0.0	0.7000000000000001	0.9333333333333332	0.0
GC_345	6.0	6.0	1.0	3.0	4.0
GC_346	0.5	2.5	0.0	0.0	2.5
GC_347	2.166666666666667	0.5	0.0	0.0	1.0
GC_348	1.25	2.0	0.0	1.25	1.75
GC_349	3.0	3.0	0.0	1.0	0.0
GC_35	0.5897435897435898	0.15384615384615385	0.0	1.7692307692307692	0.3846153846153847
GC_350	2.5	2.5	1.5	0.0	0.5
GC_351	2.0	0.0	0.0	1.0	0.0
GC_352	3.0	3.0	1.0	1.0	0.0
GC_353	2.5	1.5	1.0	1.5	1.5
GC_354	0.5	1.0	0.0	0.0	2.0
GC_355	5.0	2.0	0.5	0.0	0.5
GC_356	1.0	2.0	2.0	1.0	1.0
GC_357	5.0	1.5	0.5	0.0	0.5
GC_358	2.0	1.0	0.0	0.0	0.0
GC_359	3.0	1.5	0.0	0.5	0.5
GC_36	2.0	0.5	0.5	0.0	1.5
GC_360	1.0	1.0	0.0	0.0	0.0
GC_361	1.0	1.0	0.0	0.0	0.0
GC_362	1.0	3.0	0.0	0.0	0.0
GC_363	2.75	1.2142857142857144	2.0	0.7857142857142857	0.6428571428571428
GC_364	0.3666666666666667	1.9333333333333333	0.2333333333333333	0.03333333333333333	0.0
GC_365	1.0	0.0	0.0	0.0	0.0
GC_366	1.5	1.25	0.0	0.0	1.125
GC_367	1.0	2.0	0.0	0.0	0.0
GC_368	4.0	0.0	1.0	1.0	2.0
GC_369	4.0	1.0	1.0	3.0	0.0
GC_37	1.0357599561563753	0.08397271952259164	1.235403219258718	1.0489663256606987	0.15942028985507245
GC_370	0.0	0.0	0.0	1.0	1.0
GC_371	2.4999999999999996	0.0	1.75	1.5	2.25
GC_372	0.0	1.0	0.0	1.0	0.0
GC_373	1.0	1.0	0.0	0.0	2.0
GC_374	1.0	1.0	0.5	1.0	0.0
GC_375	4.0	0.0	0.0	0.0	1.0
GC_376	5.25	0.0	0.0	3.75	0.5
GC_377	3.0	1.0	0.0	0.0	2.0
GC_378	1.1333333333333333	0.2	0.0	0.0	0.9333333333333332
GC_379	2.0	1.0	1.0	0.0	1.0
GC_38	2.4000000000000004	1.0	0.8	1.2	2.8
GC_380	4.0	1.0	1.0	1.0	0.0
GC_381	1.0	1.0	1.0	0.0	0.0
GC_382	3.0	0.0	0.0	3.0	1.0
GC_383	3.7857142857142856	0.0	0.5714285714285714	0.21428571428571427	0.07142857142857142
GC_384	2.0	0.0	1.0	0.0	0.0
GC_385	5.0	2.0	0.0	5.0	2.0
GC_386	3.0	1.0	0.0	0.0	0.5
GC_387	2.0	0.0	0.0	0.0	0.0
GC_388	0.0	1.0	0.0	0.0	0.0
GC_389	0.0	1.0	0.0	1.0	1.0
GC_39	1.4	0.0	1.0	0.4	2.4
GC_390	3.5	0.0	1.0	0.0	0.0
GC_391	1.0	1.0	0.0	2.0	0.0
GC_392	0.9642857142857144	0.0	0.0	0.0	0.0
GC_393	3.0	1.0	1.0	1.0	0.0
GC_394	0.0	1.0	0.0	0.0	0.0
GC_395	1.0	0.0	0.0	0.0	1.0
GC_396	3.0	1.0	1.0	1.0	1.0
GC_397	3.5	1.0	0.0	0.0	0.0
GC_398	1.5	1.0	0.5	0.5	0.0
GC_399	0.625	2.5	0.8333333333333333	1.958333333333333	0.5416666666666666
GC_4	1.2222222222222223	0.9444444444444444	0.1111111111111111	0.0	0.0
GC_40	1.2	0.2	1.4	2.4000000000000004	1.4
GC_400	0.0	5.0	1.0	4.0	1.3333333333333333
GC_401	0.2962962962962963	2.3888888888888893	0.1111111111111111	0.16666666666666666	1.3888888888888893
GC_402	4.0	0.0	1.0	0.0	1.0
GC_403	2.2333333333333334	1.4416666666666669	0.0	0.0	1.2
GC_404	2.5	0.0	0.0	0.0	1.0
GC_405	0.0	1.8571428571428572	1.0	0.0	0.0
GC_406	2.7555555555555555	0.0	0.0	0.7055555555555556	0.0
GC_407	6.0	2.0	0.0	0.0	1.0
GC_408	0.0	3.0	0.0	0.0	0.0
GC_409	2.0	0.0	0.0	0.0	0.0
GC_41	1.6666666666666665	0.0	0.5	0.0	1.1666666666666667
GC_410	3.0	0.0	1.0	1.0	0.0
GC_411	5.0	1.0	0.0	0.0	0.0
GC_412	1.0	1.0	0.0	1.0	0.0
GC_413	0.15873015873015872	0.5714285714285714	1.5634920634920633	0.24603174603174605	1.6706349206349205
GC_414	0.3333333333333333	0.0	1.0	3.0	0.3333333333333333
GC_415	2.0	2.0	0.0	1.0	0.0
GC_416	3.5	1.0	0.0	1.0	3.5
GC_417	2.0	1.0	0.0	0.0	0.0
GC_418	4.0	0.0	1.0	0.0	1.0
GC_419	1.6823529411764702	1.0647058823529412	1.7647058823529411	0.1176470588235294	0.1411764705882353
GC_42	2.10625	1.15625	1.975	1.40625	0.40625
GC_420	2.222222222222222	1.642857142857143	0.5	0.0	0.08333333333333333
GC_421	3.0	0.0	0.0	1.0	2.0
GC_422	1.0	0.0	0.0	1.25	0.0
GC_423	3.0	1.0	1.0	1.0	0.0
GC_424	1.0	1.0	0.0	0.5	1.0
GC_425	1.0	0.0	1.0	2.0	1.0
GC_426	1.0	0.0	0.0	1.0	1.0
GC_427	3.0	0.0	0.0	0.0	2.0
GC_428	2.5	1.5	1.0	1.5	1.0
GC_429	2.0	0.0	0.0	1.0	0.0
GC_43	3.0	1.2	1.015384615384615	0.05	1.0
GC_430	5.0	3.5	1.0	2.0	0.0
GC_431	3.0	0.0	0.0	0.0	1.0
GC_432	2.0	0.5	0.0	2.0	1.0
GC_433	3.0	0.0	0.5	0.0	2.5
GC_434	1.5	0.0	1.5	1.0	0.0
GC_435	2.0	2.0	0.0	1.0	1.0
GC_436	0.2777777777777778	1.4047619047619049	0.047619047619047616	0.047619047619047616	1.2671957671957672
GC_437	1.0	0.0	0.0	1.5	1.5
GC_438	0.5	2.0	1.5	0.0	0.0
GC_439	5.0	0.0	0.0	0.0	0.0
GC_44	1.4358974358974357	1.3076923076923077	1.1538461538461535	0.15384615384615385	0.07692307692307693
GC_440	3.5	0.0	1.0	0.0	0.5
GC_441	2.1666666666666665	0.25	0.0	0.08333333333333333	0.08333333333333333
GC_442	4.342105263157895	0.5526315789473684	0.0	0.0	2.31578947368421
GC_443	3.0	2.0	0.0	2.0	1.0
GC_444	5.0	2.0	0.0	0.0	1.0
GC_445	1.0	2.0	0.0	3.0	2.0
GC_446	2.0	1.0	0.0	1.0	0.0
GC_447	1.0	2.0	1.0	1.0	1.0
GC_448	1.0	2.875	0.1875	0.4375	2.5625
GC_449	3.666666666666666	0.3333333333333333	0.0	0.6666666666666666	2.0
GC_45	2.3636363636363638	0.31818181818181823	0.5454545454545454	0.0	1.0909090909090908
GC_450	0.3333333333333333	1.6666666666666667	0.3333333333333333	0.0	1.6666666666666667
GC_451	1.0	0.0	0.0	0.0	1.0
GC_452	1.6666666666666665	0.0	1.0	2.5	1.6666666666666665
GC_453	2.0	0.0	0.0	0.0	1.0
GC_454	1.0	1.0	1.0	0.0	0.0
GC_455	1.0	1.0	0.0	1.0	0.0
GC_456	2.1111111111111107	0.0	0.0	1.0	0.2222222222222222
GC_457	4.0	2.0	1.0	1.0	0.0
GC_458	4.0	1.0	0.0	0.0	1.0
GC_459	3.0	1.0	1.0	1.0	0.0
GC_46	1.0	1.0	0.5	0.0	0.0
GC_460	1.0	2.0	1.0	0.0	0.0
GC_461	1.0	0.0	0.0	1.0	1.0
GC_462	1.5	2.25	1.2767857142857144	1.25	1.8125
GC_463	4.0	1.0	1.0	0.0	0.0
GC_464	2.0	1.0	1.0	0.0	1.0
GC_465	0.0	2.0	0.0	0.5	1.0
GC_466	4.277777777777779	1.1666666666666667	0.0	0.0	0.3333333333333333
GC_467	2.0	3.0	1.0	1.0	0.0
GC_468	2.333333333333333	3.4166666666666665	1.0	2.5	2.166666666666666
GC_469	3.0	1.0	0.0	3.0	2.0
GC_47	1.5	1.0	0.0	0.0	0.0
GC_470	1.0	0.0	1.0	0.0	0.0
GC_471	4.0	0.0	1.0	1.0	2.5
GC_472	2.181818181818182	1.3636363636363638	0.0	0.0	0.0
GC_473	6.0	1.0	0.0	0.0	0.0
GC_474	2.833333333333333	1.1666666666666663	0.0	0.0	0.0
GC_475	1.5	0.5	0.8333333333333333	1.0	1.5
GC_476	3.0	3.0	1.0	0.0	0.0
GC_477	1.9375	1.0	0.0	0.25	1.4375
GC_478	1.1666666666666667	0.0	1.3333333333333333	1.0	0.0
GC_479	2.0	3.0	1.0	0.0	0.0
GC_48	3.333333333333333	1.3333333333333335	0.0	1.0	1.0
GC_480	1.0	1.0	0.0	1.0	0.0
GC_481	3.333333333333333	0.0	1.0	0.3333333333333333	0.3333333333333333
GC_482	0.5	0.5	0.0	0.0	0.0
GC_483	2.0	1.0	0.0	1.0	0.0
GC_484	2.0	3.0	2.0	2.0	3.0
GC_485	1.1666666666666667	1.095238095238095	0.0	0.0	0.9761904761904763
GC_486	0.5	2.0	0.0	1.3	1.0
GC_487	1.0	1.0	0.0	1.0	1.0
GC_488	5.636363636363637	0.13636363636363638	0.0	0.0	1.0909090909090908
GC_489	5.0	0.0	0.0	0.0	0.0
GC_49	3.75	1.25	1.25	0.25	0.25
GC_490	4.0	0.0	1.0	0.0	0.0
GC_491	3.0	5.0	0.0	0.0	1.0
GC_492	6.5	0.5	0.0	0.5	0.0
GC_493	0.0	2.0	0.0	0.0	0.0
GC_494	1.0	3.0	0.0	1.0	1.0
GC_495	3.0	3.0	1.0	1.0	1.0
GC_496	2.0	0.0	0.0	0.0	1.3333333333333333
GC_497	1.7384615384615385	0.0	0.0	0.8923076923076922	0.06666666666666668
GC_498	1.0	2.0	0.0	0.0	1.0
GC_499	2.0	1.0	0.0	0.0	0.0
GC_5	3.4460784313725488	1.081699346405229	0.19117647058823528	1.031045751633987	1.2009803921568627
GC_50	1.0	1.0	0.5	0.0	0.0
GC_500	2.0	1.0	0.0	0.0	1.0
GC_501	1.0	1.0	1.0	0.0	0.0
GC_502	1.5	1.0	0.0	1.5	0.0
GC_503	1.0	1.0	0.0	0.0	0.0
GC_504	4.0	0.0	0.0	0.0	1.0
GC_505	1.0	2.0	0.0	0.0	0.0
GC_506	1.0	1.0	0.0	0.0	1.0
GC_507	5.0	0.0	1.0	0.0	0.0
GC_508	1.0	0.0	0.0	1.0	1.0
GC_509	6.0	0.0	2.0	2.0	1.0
GC_51	1.4107142857142858	1.3363095238095235	1.511904761904762	0.07142857142857142	0.5476190476190476
GC_510	1.6666666666666665	1.3333333333333333	2.6666666666666665	0.0	1.3333333333333333
GC_511	0.0	0.0	0.0	1.0	0.0
GC_512	3.5	0.0	0.0	0.0	0.0
GC_513	5.0	0.0	2.0	1.0	0.0
GC_514	4.0	2.0	2.0	5.0	4.0
GC_515	4.5	1.5555555555555554	0.0	0.0	0.16666666666666666
GC_516	1.75	0.25	0.0	0.0	0.0
GC_517	3.0	1.0	2.0	1.0	1.0
GC_518	0.0	2.0	1.0	0.0	0.0
GC_519	1.0	2.0	0.0	1.0	1.0
GC_52	0.0	0.75	0.0	0.75	0.5
GC_520	2.0	1.0	0.0	2.0	0.0
GC_53	0.125	2.2625	0.0	0.0	0.25
GC_54	0.14285714285714285	1.5595238095238093	0.17857142857142858	1.380952380952381	1.2976190476190477
GC_55	2.0	0.0	0.0	0.0	0.5
GC_56	0.16666666666666666	1.0	0.0	0.0	1.0
GC_57	1.5	1.0	0.0	0.0	0.0
GC_58	1.4186998394863561	1.3800428036383092	0.5126404494382022	2.024705724986624	7.160299625468165
GC_59	2.5	2.5	1.0	2.0	1.5
GC_6	2.0	0.0	1.5	0.25	0.75
GC_60	1.4	1.2	0.0	1.6	0.0
GC_61	1.2272619047619042	0.08374999999999999	1.1660267857142856	0.0	0.0025
GC_62	0.0	1.5	0.0	1.0	0.0
GC_63	0.0	1.5	0.0	1.0	0.0
GC_64	1.12	0.26666666666666666	1.4733333333333334	0.0	0.0
GC_65	0.0	1.5	1.0	0.0	0.0
GC_66	2.571428571428571	2.3571428571428577	1.7142857142857142	0.3571428571428571	3.071428571428571
GC_67	3.962962962962963	1.7962962962962963	0.6666666666666666	0.4444444444444444	0.3333333333333333
GC_68	3.5	1.5	1.0	1.0	0.0
GC_69	0.21544715447154467	0.3	0.14390243902439026	0.17073170731707316	1.835975609756097
GC_7	1.137913223140496	0.9721074380165291	0.0	0.06818181818181818	0.0
GC_70	1.8095238095238095	0.5	1.4285714285714286	0.2619047619047619	1.857142857142857
GC_71	0.0	2.5	0.0	0.0	0.0
GC_72	1.8	1.65	0.0	0.0	0.0
GC_73	6.25	2.0	0.0	0.0	5.5
GC_74	1.8000000000000003	0.0	0.1	0.1	0.1
GC_75	1.0	0.6666666666666666	0.0	2.0	1.6666666666666667
GC_76	3.416666666666666	1.0	0.0	0.0	0.0
GC_77	1.3198484848484846	1.653333333333333	0.0	0.045454545454545456	0.011363636363636364
GC_78	0.0	1.0	0.0	1.0	0.3333333333333333
GC_79	0.5526315789473684	0.3333333333333333	1.2701754385964912	2.0517543859649123	2.579824561403509
GC_8	3.0	1.3333333333333333	0.0	0.3333333333333333	1.3333333333333333
GC_80	2.5	2.0	0.0	0.0	0.0
GC_81	3.8	2.475	1.875	1.0	1.2
GC_82	0.0	1.148148148148148	1.2222222222222223	0.0	0.3492063492063492
GC_83	0.6666666666666666	0.0	1.0	2.833333333333333	0.6666666666666666
GC_84	0.5128205128205128	0.6923076923076923	1.4358974358974357	0.46153846153846156	3.3076923076923075
GC_85	3.25	1.25	0.0	0.0	1.5
GC_86	2.0	0.5	0.0	0.0	0.0
GC_87	1.0	3.75	2.083333333333333	3.083333333333333	2.5
GC_88	0.34523809523809523	0.8833333333333334	1.6071428571428572	1.2904761904761906	1.2857142857142858
GC_89	3.5	3.0	1.0	1.5	4.0
GC_9	1.2692307692307692	0.06666666666666668	1.4270655270655273	0.07692307692307693	0.1282051282051282
GC_90	1.0	0.125	1.0	0.125	0.5
GC_91	0.49999999999999994	0.3333333333333333	1.9791666666666667	1.5	2.479166666666667
GC_92	1.0	0.5	0.0	1.0	0.0
GC_93	5.222222222222221	0.4007407407407408	0.9396296296296296	0.0014814814814814814	0.45518518518518525
GC_94	0.5	1.0	0.0	0.0	1.0
GC_95	2.9350579975579976	0.1802114552114552	0.0	0.06628787878787877	0.10530303030303027
GC_96	0.8888888888888887	2.916666666666667	1.4444444444444446	5.527777777777778	6.527777777777778
GC_97	1.611111111111111	0.1111111111111111	0.06666666666666668	0.02222222222222222	0.13333333333333333
GC_98	4.333333333333334	0.9166666666666666	0.9166666666666666	0.16666666666666666	0.0
GC_99	0.3958333333333333	0.125	0.0	1.1666666666666667	2.9375
